sample,seed,sw_stat_mismatch,status,trise_s,tfall_s,tpdlh_s,tpdhl_s,ipeak_source_a,ipeak_sink_a,ishoot_rise_a,ishoot_fall_a,energy_per_edge_j,vout_max_v,vout_min_v,vin_max_v,vin_min_v,n1_max_v,n1_min_v,n2_max_v,n2_min_v,n3_max_v,n3_min_v,n4_max_v,n4_min_v,n5_max_v,n5_min_v
baseline,,unset (plain harness deck),ok,5.368013e-09,5.556897e-09,3.697771e-09,4.161316e-09,1.245871418,1.0483430678,0.1882948,0.00915665,1.856770775e-08,6.004092104,-0.002753825177,6.0,0.0,6.0330238278,-0.01912986303,6.0217708493,-0.01250582132,6.0402269549,-0.02279844603,6.0462900856,-0.02762361765,6.0467007728,-0.02759348621
0,20280225,0,ok,5.368013e-09,5.556897e-09,3.697771e-09,4.161316e-09,1.245871418,1.0483430678,0.1882948,0.00915665,1.856770775e-08,6.004092104,-0.002753825177,6.0,0.0,6.0330238278,-0.01912986303,6.0217708493,-0.01250582132,6.0402269549,-0.02279844603,6.0462900856,-0.02762361765,6.0467007728,-0.02759348621
0,25280225,0,ok,5.368013e-09,5.556897e-09,3.697771e-09,4.161316e-09,1.245871418,1.0483430678,0.1882948,0.00915665,1.856770775e-08,6.004092104,-0.002753825177,6.0,0.0,6.0330238278,-0.01912986303,6.0217708493,-0.01250582132,6.0402269549,-0.02279844603,6.0462900856,-0.02762361765,6.0467007728,-0.02759348621
1,20280226,1,ok,5.360837e-09,5.565321e-09,3.693232e-09,4.162757e-09,1.2474076283,1.0455686217,0.1880177,0.008256576,1.8567936814e-08,6.0041229731,-0.002753838332,6.0,0.0,6.0330529666,-0.01903999953,6.0217422946,-0.01242218066,6.040179528,-0.02276364272,6.0457223459,-0.02732772164,6.0469913811,-0.02756069785
2,20280227,1,ok,5.361354e-09,5.553579e-09,3.692765e-09,4.161513e-09,1.2464765992,1.0507381322,0.1884663,0.01005474,1.8567926347e-08,6.0041059419,-0.0027868152,6.0,0.0,6.0330112889,-0.01920881098,6.0217794552,-0.01251367798,6.040376894,-0.02278673481,6.0466108369,-0.02749720693,6.0464851978,-0.02732860454
3,20280228,1,ok,5.392472e-09,5.561719e-09,3.705441e-09,4.165457e-09,1.2393602419,1.0467353791,0.1887545,0.008631104,1.8567545582e-08,6.0041272757,-0.002808439709,6.0,0.0,6.0325649423,-0.01908461336,6.0212870856,-0.01254539421,6.0404287135,-0.02281161185,6.0465366315,-0.02735483675,6.0461528056,-0.027559334
4,20280229,1,ok,5.353276e-09,5.5466e-09,3.688282e-09,4.15793e-09,1.2477757148,1.0517532524,0.1886903,0.01020453,1.8567915547e-08,6.0041185138,-0.002767503922,6.0,0.0,6.032741204,-0.0191329453,6.0220291338,-0.0125531135,6.0403558146,-0.02293756168,6.0460418892,-0.02755187569,6.0465717132,-0.02750092061
5,20280230,1,ok,5.350682e-09,5.561616e-09,3.689306e-09,4.163134e-09,1.2486710959,1.0486161532,0.1876882,0.01014877,1.8567670532e-08,6.0041056985,-0.002783697907,6.0,0.0,6.0326212879,-0.01909745414,6.0219151439,-0.01256021044,6.0401524623,-0.02282843376,6.046068155,-0.02718128698,6.0463245612,-0.02755766591
6,20280231,1,ok,5.375243e-09,5.570756e-09,3.700291e-09,4.16944e-09,1.2435228228,1.0473439574,0.1880189,0.01036589,1.8567247212e-08,6.0041791048,-0.00276275142,6.0,0.0,6.0328815418,-0.01912075517,6.0218240929,-0.01251549989,6.0400873048,-0.02270537071,6.0463044944,-0.02764498103,6.0464050115,-0.02767948712
7,20280232,1,ok,5.370899e-09,5.560849e-09,3.70057e-09,4.163706e-09,1.2440746372,1.0495482021,0.1878232,0.01011125,1.8567686899e-08,6.004096006,-0.002782956294,6.0,0.0,6.0333004206,-0.01925839226,6.0218720206,-0.01248087493,6.0402812265,-0.02279694577,6.0466208217,-0.02759123655,6.0468792254,-0.02756802918
8,20280233,1,ok,5.356497e-09,5.553828e-09,3.693127e-09,4.159199e-09,1.2473895716,1.0507364397,0.1885,0.01048199,1.8567731681e-08,6.0041359324,-0.002775675386,6.0,0.0,6.0333503978,-0.01914532841,6.0220108365,-0.01242763981,6.0399308303,-0.0228246051,6.0463197581,-0.02766052135,6.0471229022,-0.02751167665
9,20280234,1,ok,5.371831e-09,5.568606e-09,3.69701e-09,4.168922e-09,1.2447832211,1.0478508727,0.1884899,0.01039187,1.8567907772e-08,6.0041793206,-0.002743872978,6.0,0.0,6.0329840062,-0.01908683279,6.0219430216,-0.01253569659,6.0401240071,-0.02285164289,6.0461646,-0.02762440913,6.045946054,-0.0274785185
10,20280235,1,ok,5.364879e-09,5.585773e-09,3.696983e-09,4.177708e-09,1.2437516149,1.0446619615,0.1886163,0.01057144,1.8567198886e-08,6.0042256446,-0.002760226594,6.0,0.0,6.0329794541,-0.01915020614,6.0219931316,-0.01255025999,6.0403491154,-0.02286959475,6.0465175767,-0.02758187952,6.0471156721,-0.02754144699
11,20280236,1,ok,5.368269e-09,5.561389e-09,3.696761e-09,4.163877e-09,1.2455594343,1.049089494,0.1875311,0.01038,1.8567777209e-08,6.0041594821,-0.002765498821,6.0,0.0,6.0329847485,-0.01906509332,6.0216555106,-0.01248865202,6.0400087611,-0.0227347628,6.046103204,-0.02764770567,6.0465117445,-0.02740086305
12,20280237,1,ok,5.378164e-09,5.561247e-09,3.702832e-09,4.164435e-09,1.2425123764,1.0489501122,0.1875768,0.008422203,1.8567221111e-08,6.0041057718,-0.002779433078,6.0,0.0,6.0329291704,-0.01907863073,6.0216381398,-0.01250646875,6.0403589787,-0.02282001993,6.0466657626,-0.02751916224,6.0467211323,-0.0276387357
13,20280238,1,ok,5.369647e-09,5.553564e-09,3.700332e-09,4.159661e-09,1.2451560679,1.0506833739,0.1879787,0.01038594,1.8567520214e-08,6.0041349407,-0.00276369453,6.0,0.0,6.0331408835,-0.01917399286,6.0218648787,-0.01255597752,6.0405565711,-0.02279059429,6.0461586364,-0.02767915059,6.0467347614,-0.02753131527
14,20280239,1,ok,5.356876e-09,5.5587e-09,3.688328e-09,4.163647e-09,1.2478730242,1.0485683846,0.1880241,0.009544271,1.8567880492e-08,6.0041220588,-0.002766511757,6.0,0.0,6.032561521,-0.01908976057,6.0212579581,-0.01243407164,6.0399444594,-0.02270198697,6.046157239,-0.02768240458,6.046217358,-0.02759492681
15,20280240,1,ok,5.366114e-09,5.551026e-09,3.697207e-09,4.153129e-09,1.2447658392,1.0514015278,0.1889322,0.01044376,1.8568367079e-08,6.0041281836,-0.002742355708,6.0,0.0,6.0332062773,-0.0190451521,6.0215453258,-0.01246078351,6.0401041103,-0.02274112892,6.0463160512,-0.02774479596,6.0465337778,-0.02727275514
16,20280241,1,ok,5.359027e-09,5.561081e-09,3.693366e-09,4.163911e-09,1.2472345078,1.0488005718,0.1875916,0.00832303,1.8567737262e-08,6.0040850947,-0.002772376191,6.0,0.0,6.0328709128,-0.01909996846,6.0215635937,-0.01247433623,6.0399470079,-0.02281991487,6.0462579979,-0.02773160165,6.0464870406,-0.02744193937
17,20280242,1,ok,5.371241e-09,5.553697e-09,3.700491e-09,4.157602e-09,1.244012652,1.0484247671,0.1879116,0.00869594,1.8567614828e-08,6.0040809011,-0.002782343366,6.0,0.0,6.0330271007,-0.01908956619,6.0215444352,-0.01249052995,6.0401293628,-0.02275292752,6.0464439851,-0.02762632758,6.0468484324,-0.02772490157
18,20280243,1,ok,5.363455e-09,5.542108e-09,3.698024e-09,4.151216e-09,1.2444191217,1.0492093148,0.1884756,0.007466789,1.8567811757e-08,6.0040380251,-0.002776751615,6.0,0.0,6.0333367861,-0.0191692277,6.0217821354,-0.01256586385,6.0401686713,-0.02272908017,6.0463824186,-0.02744944098,6.047230323,-0.02753124725
19,20280244,1,ok,5.3737e-09,5.532191e-09,3.699028e-09,4.149115e-09,1.2445834347,1.0548054588,0.1887497,0.01030748,1.8568223006e-08,6.0040851971,-0.002754652001,6.0,0.0,6.0332418578,-0.01920646555,6.0218507833,-0.01250108284,6.040062867,-0.02287224794,6.0464084517,-0.02765000874,6.0463509718,-0.02731904659
20,20280245,1,ok,5.363033e-09,5.553117e-09,3.694503e-09,4.159588e-09,1.2458788052,1.0508385706,0.1874708,0.0104905,1.8567492233e-08,6.004135116,-0.002784611979,6.0,0.0,6.0327411774,-0.01906000686,6.0216728808,-0.01252935693,6.040321538,-0.02284043156,6.0463959888,-0.02737123126,6.0465473025,-0.02764168203
21,20280246,1,ok,5.395703e-09,5.545974e-09,3.707066e-09,4.159612e-09,1.2380412155,1.0501898692,0.188232,0.006845459,1.8567682907e-08,6.0039912718,-0.002803388891,6.0,0.0,6.0327139829,-0.01894959893,6.0213696103,-0.01254327956,6.040176805,-0.02271275168,6.0462117972,-0.02755917274,6.045716936,-0.02759689055
22,20280247,1,ok,5.367389e-09,5.553141e-09,3.702008e-09,4.156122e-09,1.2428205734,1.0494077318,0.1885247,0.009481404,1.856757726e-08,6.00407768,-0.002804151624,6.0,0.0,6.0333718045,-0.01916126143,6.021802638,-0.01249868462,6.0400945341,-0.0226906045,6.0464580809,-0.02754626784,6.0468990371,-0.02753355567
23,20280248,1,ok,5.371357e-09,5.566359e-09,3.699054e-09,4.165565e-09,1.2425841648,1.0481843791,0.1887212,0.01045933,1.8567414554e-08,6.0041726661,-0.00277297984,6.0,0.0,6.0330501367,-0.01908772703,6.0217495777,-0.01243588633,6.0397805325,-0.02279257476,6.0462622035,-0.02760312825,6.0470267891,-0.02761068789
24,20280249,1,ok,5.386988e-09,5.568099e-09,3.706024e-09,4.167406e-09,1.2404237219,1.0485199292,0.1877627,0.01011777,1.8567795937e-08,6.0041795792,-0.002783243496,6.0,0.0,6.0329739906,-0.01898980219,6.0217457782,-0.01253083272,6.0403202428,-0.02273396222,6.0459726389,-0.02770666489,6.0460404329,-0.02727631907
25,20280250,1,ok,5.390039e-09,5.561687e-09,3.709268e-09,4.164024e-09,1.2406589013,1.0473601237,0.1881659,0.009098097,1.8567417128e-08,6.0041111997,-0.002779542865,6.0,0.0,6.0330531365,-0.01919371865,6.0219132214,-0.01259547655,6.0404891257,-0.02288965413,6.0461903269,-0.02761392459,6.0464826184,-0.02761332261
26,20280251,1,ok,5.367373e-09,5.562231e-09,3.698566e-09,4.165804e-09,1.2447769524,1.0489514667,0.1886178,0.01025254,1.8567585694e-08,6.0041374456,-0.002787196301,6.0,0.0,6.0334722857,-0.01923109211,6.0219462328,-0.01251982199,6.0403356282,-0.02289022584,6.0462836676,-0.02760371577,6.0468780347,-0.02751819904
27,20280252,1,ok,5.361341e-09,5.554758e-09,3.696638e-09,4.158524e-09,1.246401636,1.0505891033,0.1876902,0.01059639,1.8567453537e-08,6.0041414122,-0.002779596674,6.0,0.0,6.0330919213,-0.01916064622,6.0218330797,-0.0124706948,6.0402653269,-0.02279572043,6.0459386696,-0.02760511349,6.0473220539,-0.02763680973
28,20280253,1,ok,5.371242e-09,5.559996e-09,3.702762e-09,4.161188e-09,1.242466582,1.0482759088,0.1888653,0.009572636,1.8567646586e-08,6.0041018046,-0.002778310862,6.0,0.0,6.0335198869,-0.01916858275,6.0215420118,-0.01257028975,6.0404661467,-0.02282491956,6.0463984539,-0.02776561224,6.0465589636,-0.02769670879
29,20280254,1,ok,5.363321e-09,5.573093e-09,3.694101e-09,4.171181e-09,1.2466187981,1.0468043398,0.1876399,0.01033613,1.8567444387e-08,6.0041916103,-0.002763393606,6.0,0.0,6.0328414712,-0.01913823621,6.0217323452,-0.01254036625,6.0402027349,-0.02277132388,6.0460279615,-0.02730157018,6.0465937393,-0.02756550903
30,20280255,1,ok,5.365634e-09,5.536893e-09,3.698798e-09,4.147565e-09,1.2451106376,1.0536243945,0.1888724,0.008619334,1.8568190976e-08,6.0040236077,-0.002783729311,6.0,0.0,6.033249831,-0.01913061989,6.0213521313,-0.01236395939,6.0404264689,-0.02282455072,6.0465444605,-0.02768798082,6.0465551979,-0.02751591881
31,20280256,1,ok,5.360925e-09,5.571342e-09,3.69264e-09,4.169704e-09,1.2472643234,1.0473024002,0.1880131,0.01044408,1.8567891803e-08,6.0041878884,-0.002761325976,6.0,0.0,6.0330209358,-0.01906410575,6.0218972932,-0.01258523448,6.040344196,-0.02283135173,6.045998183,-0.02727654248,6.0461382895,-0.02733970647
32,20280257,1,ok,5.367782e-09,5.55622e-09,3.695121e-09,4.159879e-09,1.2449932945,1.0459998855,0.1883764,0.006890964,1.8568055022e-08,6.0040923457,-0.002781714337,6.0,0.0,6.032385074,-0.01895707706,6.02183193,-0.01253642987,6.040217692,-0.02284675023,6.0462931264,-0.02745463065,6.0465802996,-0.02739694988
33,20280258,1,ok,5.372511e-09,5.550391e-09,3.698396e-09,4.156228e-09,1.2437033496,1.051873053,0.1878817,0.01040406,1.8567676762e-08,6.0041322763,-0.002792435921,6.0,0.0,6.0326706995,-0.01902333896,6.0214851453,-0.01246445916,6.0400544949,-0.02279818963,6.0459302783,-0.02748773006,6.0469427562,-0.02751923881
34,20280259,1,ok,5.358339e-09,5.566266e-09,3.691585e-09,4.166966e-09,1.2478273325,1.0479204529,0.1875079,0.01020784,1.8567474582e-08,6.0041724233,-0.00276274005,6.0,0.0,6.032876438,-0.01916392859,6.0216086308,-0.01249482314,6.0403931156,-0.0227430956,6.0461366394,-0.02743920384,6.0469272363,-0.02767995114
35,20280260,1,ok,5.373264e-09,5.558222e-09,3.69847e-09,4.163092e-09,1.2441950283,1.0499722639,0.1880113,0.0104674,1.8567786839e-08,6.0041596681,-0.002774914583,6.0,0.0,6.0330688444,-0.01914894336,6.0217327761,-0.01242288931,6.0400893788,-0.02280489902,6.046582515,-0.02778613387,6.0462829174,-0.02753801196
36,20280261,1,ok,5.372341e-09,5.566476e-09,3.702378e-09,4.164056e-09,1.2432660776,1.0480234845,0.1882147,0.008447877,1.8567496404e-08,6.0041218277,-0.002802053478,6.0,0.0,6.0333097739,-0.01919097148,6.0215576323,-0.01248111123,6.0401366712,-0.02275760319,6.0464176381,-0.02763098053,6.0470948434,-0.02744184498
37,20280262,1,ok,5.391673e-09,5.550158e-09,3.709639e-09,4.156048e-09,1.2371905601,1.0516478783,0.1889409,0.01053118,1.856732155e-08,6.0041265374,-0.002808806943,6.0,0.0,6.0330648934,-0.01909525974,6.0214300439,-0.01238920476,6.0399241073,-0.02278031048,6.0464227933,-0.02750185943,6.0466464067,-0.02768941057
38,20280263,1,ok,5.378816e-09,5.554805e-09,3.704059e-09,4.1611e-09,1.2422758151,1.0505748997,0.1875613,0.009906612,1.8567491807e-08,6.0041121827,-0.002798368596,6.0,0.0,6.0331500503,-0.01919848497,6.0217605553,-0.01251392442,6.0404155742,-0.02283819325,6.0459658091,-0.02764725496,6.046515479,-0.02755274427
39,20280264,1,ok,5.357663e-09,5.557292e-09,3.695359e-09,4.161254e-09,1.2464245289,1.0501674328,0.1886011,0.01051789,1.8567469106e-08,6.0041458497,-0.002797974294,6.0,0.0,6.0333565829,-0.01910812633,6.0219044134,-0.01245867334,6.0401633926,-0.02290300967,6.0463541101,-0.02758089438,6.0468197702,-0.02763876428
40,20280265,1,ok,5.365157e-09,5.561668e-09,3.694666e-09,4.163805e-09,1.2456276177,1.0495075766,0.1877011,0.01048559,1.856769581e-08,6.0041616243,-0.002777214758,6.0,0.0,6.0329787384,-0.0191137671,6.0216328529,-0.01243076044,6.0398296069,-0.02272499476,6.0461133811,-0.02744701186,6.0462460214,-0.0275570347
41,20280266,1,ok,5.374899e-09,5.556016e-09,3.701023e-09,4.162599e-09,1.2433138613,1.050213077,0.1878013,0.01028035,1.8567455226e-08,6.0041252662,-0.002773270859,6.0,0.0,6.0330798268,-0.01912889542,6.0217360263,-0.01253542133,6.0401529945,-0.02269878206,6.0464929015,-0.0276633174,6.0466659619,-0.02753545097
42,20280267,1,ok,5.380734e-09,5.567735e-09,3.704194e-09,4.168297e-09,1.2419709918,1.0479912522,0.1881295,0.0104804,1.856749158e-08,6.0041755779,-0.002790152341,6.0,0.0,6.0332149308,-0.01920259222,6.0216806636,-0.01257107589,6.0402773213,-0.02283832691,6.0462802159,-0.02752507894,6.0466701896,-0.02752250459
43,20280268,1,ok,5.356612e-09,5.563673e-09,3.690029e-09,4.168561e-09,1.2482753757,1.0481398172,0.1878162,0.009994992,1.8567889514e-08,6.0041554175,-0.002752567962,6.0,0.0,6.0330639405,-0.01919655817,6.0222001544,-0.0125646962,6.0403442266,-0.02282253592,6.0461674711,-0.0275960985,6.0463919031,-0.02754475259
44,20280269,1,ok,5.364802e-09,5.562749e-09,3.700335e-09,4.163877e-09,1.2438243795,1.0493676891,0.1886589,0.0105319,1.8567508848e-08,6.0041598837,-0.002785220865,6.0,0.0,6.0334416896,-0.01918264701,6.021893089,-0.01252762185,6.0404038844,-0.02271688289,6.0466153025,-0.02776289261,6.046760635,-0.02756041399
45,20280270,1,ok,5.382689e-09,5.542437e-09,3.704316e-09,4.154679e-09,1.2410679717,1.052792563,0.1888992,0.009526665,1.8567797058e-08,6.0040746738,-0.002755075182,6.0,0.0,6.0331298106,-0.01915806321,6.0217393041,-0.01251653917,6.0404865527,-0.02275892037,6.0465006922,-0.02765144578,6.0459692344,-0.02761722032
46,20280271,1,ok,5.381514e-09,5.552523e-09,3.704909e-09,4.160172e-09,1.241801734,1.050943892,0.1871859,0.01018667,1.8567704766e-08,6.0041121673,-0.002784533766,6.0,0.0,6.0331367762,-0.019251757,6.021705835,-0.01255525287,6.0404568497,-0.02280890564,6.0464848399,-0.0278062633,6.046516442,-0.02738993969
47,20280272,1,ok,5.380711e-09,5.559851e-09,3.704278e-09,4.163625e-09,1.2397875844,1.0482298787,0.189024,0.009478072,1.8567336783e-08,6.0041236032,-0.00279842442,6.0,0.0,6.0332239112,-0.01912353079,6.0217480225,-0.01242262212,6.0402555078,-0.02287040428,6.0465609012,-0.02772294831,6.0465971122,-0.02759964303
48,20280273,1,ok,5.370256e-09,5.558739e-09,3.696277e-09,4.163317e-09,1.2445350819,1.0497167797,0.1881318,0.01045937,1.8567658838e-08,6.0041514181,-0.002783060636,6.0,0.0,6.0327828364,-0.01906397576,6.0218769456,-0.01245868762,6.0400244555,-0.0227954981,6.0462003036,-0.02739869176,6.0468848197,-0.02751701787
49,20280274,1,ok,5.36495e-09,5.57378e-09,3.69742e-09,4.169499e-09,1.2456206126,1.0464171148,0.1880175,0.008330329,1.8567790468e-08,6.0041838593,-0.002780384175,6.0,0.0,6.0330364879,-0.01907792329,6.0218117651,-0.01252014929,6.0401271927,-0.02284400941,6.0463657484,-0.02765067315,6.046850944,-0.02729737272
50,20280275,1,ok,5.363917e-09,5.564633e-09,3.694452e-09,4.166091e-09,1.2440540225,1.0484622772,0.1887713,0.008636289,1.856759722e-08,6.0040974138,-0.002821049463,6.0,0.0,6.0325693879,-0.01898717661,6.0215878643,-0.01249495916,6.0402366496,-0.02285755742,6.0464864166,-0.02725724077,6.0463158493,-0.02739556211
51,20280276,1,ok,5.35992e-09,5.562723e-09,3.693971e-09,4.165684e-09,1.2468006062,1.0491702925,0.1876657,0.01048036,1.8567730014e-08,6.0041691293,-0.00277942086,6.0,0.0,6.033124359,-0.01913491461,6.0216910549,-0.01251321788,6.0401293941,-0.02266471886,6.0465621125,-0.02768664597,6.0463966828,-0.02741698671
52,20280277,1,ok,5.376143e-09,5.538944e-09,3.701364e-09,4.15275e-09,1.2435327956,1.0526157738,0.1876905,0.008033039,1.8567765416e-08,6.0040820938,-0.002773282848,6.0,0.0,6.0329062203,-0.01913780832,6.0218628409,-0.01261861556,6.040102918,-0.02279313093,6.046319523,-0.02760274134,6.04647444,-0.02762185569
53,20280278,1,ok,5.368194e-09,5.551511e-09,3.697194e-09,4.157159e-09,1.2461873053,1.0512225087,0.1884447,0.009774581,1.8568116956e-08,6.0040608426,-0.00274414244,6.0,0.0,6.0329207439,-0.01911212506,6.0216870602,-0.01250329174,6.0405333332,-0.02290648734,6.0466717175,-0.02749000059,6.046505753,-0.02740820344
54,20280279,1,ok,5.374534e-09,5.557611e-09,3.701054e-09,4.161833e-09,1.2433593386,1.0503761276,0.1881913,0.009620853,1.8567950549e-08,6.0041473212,-0.002763193341,6.0,0.0,6.0332409481,-0.01899018727,6.0214940579,-0.01245787535,6.0402269019,-0.02267806635,6.0459864465,-0.02759076518,6.0462124585,-0.02721016346
55,20280280,1,ok,5.367055e-09,5.559688e-09,3.695667e-09,4.163775e-09,1.2451496436,1.0492987909,0.1880719,0.01031538,1.8567526136e-08,6.0041663033,-0.002790837622,6.0,0.0,6.032712656,-0.01905098151,6.021671576,-0.01252694791,6.0399462438,-0.02279076636,6.0462903771,-0.0275852644,6.0466098689,-0.02759471333
56,20280281,1,ok,5.356515e-09,5.554535e-09,3.693703e-09,4.158531e-09,1.2477510114,1.0494086908,0.1888828,0.007815368,1.8568303461e-08,6.0040850008,-0.002756132877,6.0,0.0,6.0333805399,-0.01919380328,6.0218038299,-0.01251766278,6.0402328665,-0.0229235529,6.0468095258,-0.02766142512,6.0465909126,-0.02735194816
57,20280282,1,ok,5.373611e-09,5.554643e-09,3.69821e-09,4.160423e-09,1.243694159,1.0505854759,0.1891387,0.01044883,1.8568183144e-08,6.0041334416,-0.002751200656,6.0,0.0,6.0329521052,-0.01911048659,6.0218478365,-0.01247235844,6.0403769284,-0.02298106805,6.0465711708,-0.02761035166,6.0454522787,-0.02739532496
58,20280283,1,ok,5.382365e-09,5.548255e-09,3.7063e-09,4.157116e-09,1.2416586802,1.0443048853,0.1880253,0.001631615,1.8567615693e-08,6.0040679435,-0.002798236223,6.0,0.0,6.0332428221,-0.01919009383,6.0217664879,-0.0125251776,6.0400433763,-0.02277218968,6.0466548977,-0.02788296764,6.0471300199,-0.02764368002
59,20280284,1,ok,5.370579e-09,5.540915e-09,3.698936e-09,4.150488e-09,1.2443198138,1.053199759,0.1879426,0.01050679,1.8567922524e-08,6.0040988398,-0.002775034474,6.0,0.0,6.0326734481,-0.01900173783,6.0217030049,-0.0124643423,6.0402736927,-0.02275260601,6.0462633073,-0.02752807752,6.0467641117,-0.02754591639
60,20280285,1,ok,5.379029e-09,5.559391e-09,3.702779e-09,4.161592e-09,1.2426527141,1.0481865753,0.1876899,0.007056134,1.8567689506e-08,6.0041490239,-0.002786694906,6.0,0.0,6.0329788284,-0.01910286436,6.0218080936,-0.01244132065,6.0404365124,-0.02275116444,6.0461547089,-0.02782242173,6.0466639241,-0.02738259265
61,20280286,1,ok,5.354684e-09,5.559284e-09,3.690502e-09,4.163595e-09,1.2482669637,1.049195544,0.1874974,0.01014626,1.8567894744e-08,6.0041461239,-0.002760527898,6.0,0.0,6.0330748569,-0.01919924526,6.0218221819,-0.01253715216,6.0402725493,-0.0228091345,6.0459473732,-0.027549121,6.0463728863,-0.02745760106
62,20280287,1,ok,5.350022e-09,5.554179e-09,3.686779e-09,4.158546e-09,1.2490949936,1.0502659358,0.1882333,0.01018273,1.8568116023e-08,6.0041347276,-0.002761620866,6.0,0.0,6.0325986376,-0.01904508211,6.0215314055,-0.01246187686,6.0402702462,-0.02281288854,6.0463786989,-0.02751479967,6.045911589,-0.02748862172
63,20280288,1,ok,5.365889e-09,5.569022e-09,3.696199e-09,4.170047e-09,1.2452733774,1.0475274161,0.1883683,0.0102767,1.8567682308e-08,6.0041753579,-0.002761435172,6.0,0.0,6.033101801,-0.01916644544,6.0218305697,-0.01260194899,6.0402205366,-0.02279702949,6.0459761,-0.0276029286,6.0462005982,-0.02736759013
64,20280289,1,ok,5.371247e-09,5.553261e-09,3.696809e-09,4.161477e-09,1.2438901358,1.0507472422,0.1887254,0.01042445,1.8567533784e-08,6.0041333928,-0.002758260579,6.0,0.0,6.03302697,-0.01914719504,6.0219015351,-0.0125349964,6.0400281141,-0.02287612547,6.0462380701,-0.02759779633,6.0463549766,-0.02761581011
65,20280290,1,ok,5.362872e-09,5.545335e-09,3.697746e-09,4.153627e-09,1.2447855386,1.0453323262,0.1887926,0.004034021,1.85678458e-08,6.0040583769,-0.002775047076,6.0,0.0,6.0332456098,-0.01912472512,6.0218480248,-0.0125293171,6.0400493484,-0.02277307271,6.0462177022,-0.02763720381,6.0467888162,-0.02764264365
66,20280291,1,ok,5.381744e-09,5.557754e-09,3.704875e-09,4.160313e-09,1.2418100944,1.0443076952,0.1878969,0.005421358,1.8567408599e-08,6.0041030584,-0.002787023216,6.0,0.0,6.0329634836,-0.01903413231,6.0220903977,-0.01250151402,6.0403232058,-0.02285011494,6.0457687243,-0.02765316639,6.0469563788,-0.02773770604
67,20280292,1,ok,5.378109e-09,5.559841e-09,3.701566e-09,4.161475e-09,1.2427070842,1.0487968442,0.1878577,0.007762591,1.8567750639e-08,6.0041469157,-0.002781480615,6.0,0.0,6.0328565763,-0.01901461407,6.0215328448,-0.01238468992,6.0398898122,-0.02269578543,6.0468875065,-0.02740134654,6.0470294128,-0.0274148671
68,20280293,1,ok,5.366748e-09,5.550187e-09,3.695058e-09,4.157387e-09,1.2455754795,1.0511732947,0.1874425,0.01037571,1.8567770002e-08,6.0041315968,-0.002769340227,6.0,0.0,6.0330698748,-0.01919326979,6.02169292,-0.01250174495,6.039979394,-0.02279083178,6.0455759456,-0.02739820761,6.0466038413,-0.02750427531
69,20280294,1,ok,5.371652e-09,5.549814e-09,3.701556e-09,4.15593e-09,1.2437532818,1.051570904,0.1883739,0.01048246,1.856779886e-08,6.0041237973,-0.002794978639,6.0,0.0,6.0331306967,-0.01911317081,6.0217331161,-0.01249971878,6.0403440884,-0.02282930484,6.0463438926,-0.02769731532,6.046491392,-0.02751500718
70,20280295,1,ok,5.358531e-09,5.556124e-09,3.692348e-09,4.161018e-09,1.247438715,1.0500105923,0.1878215,0.01027372,1.8568034175e-08,6.0041526114,-0.002768081389,6.0,0.0,6.0328503069,-0.01912400725,6.0217882295,-0.01253558666,6.0402914425,-0.02279483992,6.0461268078,-0.02753765359,6.0463213977,-0.02737822888
71,20280296,1,ok,5.353201e-09,5.556374e-09,3.692571e-09,4.162192e-09,1.2483106172,1.0501780637,0.1878058,0.01045163,1.8567557389e-08,6.0041448486,-0.002771372303,6.0,0.0,6.0332268295,-0.01923026295,6.0218383588,-0.01259476786,6.0404313647,-0.02283352807,6.046339018,-0.02756763669,6.0471643486,-0.0276537637
72,20280297,1,ok,5.363754e-09,5.558417e-09,3.695218e-09,4.161215e-09,1.2463259177,1.0494743212,0.1882731,0.008479983,1.8568089329e-08,6.0041272593,-0.002763353599,6.0,0.0,6.0331607921,-0.01915276289,6.0216633606,-0.01245544404,6.0403931347,-0.02280333184,6.046471617,-0.02767463883,6.0466761327,-0.02734291409
73,20280298,1,ok,5.377923e-09,5.55274e-09,3.699546e-09,4.158101e-09,1.242897315,1.0510729869,0.1876129,0.01053098,1.8567845494e-08,6.004133696,-0.002778850579,6.0,0.0,6.0326907719,-0.01904692716,6.0216729612,-0.01251222758,6.0400692087,-0.02276065071,6.0462279641,-0.02732698344,6.0464633629,-0.02735444738
74,20280299,1,ok,5.372742e-09,5.560348e-09,3.69843e-09,4.166113e-09,1.243634976,1.0494183733,0.1877561,0.01041407,1.8567107805e-08,6.0041523208,-0.002800608151,6.0,0.0,6.0326136905,-0.01903774653,6.0216713011,-0.01250049346,6.0401765938,-0.02276110457,6.0471952594,-0.02768720993,6.0471455431,-0.02773332505
75,20280300,1,ok,5.387666e-09,5.543112e-09,3.705303e-09,4.155728e-09,1.2404271933,1.0527233127,0.1875853,0.01036026,1.8567750311e-08,6.0041080456,-0.002793009616,6.0,0.0,6.0328394664,-0.01910454199,6.0217763052,-0.01258450119,6.040141975,-0.02275032612,6.0467227155,-0.02758107876,6.0465434832,-0.02741201711
76,20280301,1,ok,5.374957e-09,5.562983e-09,3.700511e-09,4.164938e-09,1.2437151483,1.0489178263,0.1879225,0.01045164,1.8567588826e-08,6.0041651314,-0.002779176705,6.0,0.0,6.0329810828,-0.01917685125,6.0217124818,-0.01255451482,6.0402390037,-0.0227950838,6.0460956643,-0.02753220178,6.0461324565,-0.02755227166
77,20280302,1,ok,5.379166e-09,5.569631e-09,3.701069e-09,4.170065e-09,1.2423842755,1.0475047732,0.1880586,0.01034208,1.8567492932e-08,6.0041704702,-0.002794695694,6.0,0.0,6.03262842,-0.01907686356,6.0217632259,-0.01251215059,6.0399388977,-0.02282078424,6.0461861002,-0.02765751117,6.0467829379,-0.0275629414
78,20280303,1,ok,5.382524e-09,5.577081e-09,3.705739e-09,4.172731e-09,1.2412733098,1.0466657024,0.1876959,0.009756742,1.8567102494e-08,6.0042026981,-0.00281117487,6.0,0.0,6.0329545841,-0.01914365852,6.0218466049,-0.0124406047,6.0399675043,-0.02278842891,6.0465490886,-0.0278476199,6.0467601892,-0.02757549661
79,20280304,1,ok,5.358838e-09,5.559567e-09,3.692021e-09,4.163482e-09,1.2469929644,1.0498174983,0.1875448,0.01047331,1.856762973e-08,6.0041637219,-0.002775818557,6.0,0.0,6.0329522507,-0.01917516008,6.0216645104,-0.01249990862,6.0401666947,-0.02277012149,6.0461304832,-0.02764370463,6.0465111529,-0.02750986973
80,20280305,1,ok,5.36248e-09,5.557526e-09,3.693282e-09,4.160753e-09,1.2468548817,1.0494763124,0.188499,0.0100801,1.8567972221e-08,6.0041467649,-0.002735662212,6.0,0.0,6.0329926915,-0.01906691045,6.0216601804,-0.01243818102,6.0402875936,-0.02281499655,6.0463874157,-0.02762056117,6.0460717484,-0.0275557328
81,20280306,1,ok,5.379659e-09,5.545294e-09,3.700465e-09,4.157957e-09,1.2421022388,1.0524489233,0.1880372,0.01027443,1.8567632291e-08,6.0041059226,-0.002785975526,6.0,0.0,6.0327072256,-0.0191907386,6.0218692875,-0.01247794221,6.0400007298,-0.0228707364,6.0460653117,-0.02758256675,6.0461412638,-0.02757783405
82,20280307,1,ok,5.357685e-09,5.57195e-09,3.689805e-09,4.171813e-09,1.2472449527,1.0471853697,0.188423,0.01044561,1.8567701814e-08,6.0041939251,-0.002778743241,6.0,0.0,6.0325942495,-0.01910821515,6.0217607306,-0.01257908932,6.0400513893,-0.02287290399,6.0462860033,-0.02753505521,6.0467302638,-0.02741942222
83,20280308,1,ok,5.376911e-09,5.566879e-09,3.705037e-09,4.167413e-09,1.2423360999,1.0487060505,0.1872259,0.01049844,1.8566988103e-08,6.004173017,-0.002802918968,6.0,0.0,6.0328863751,-0.01917355207,6.0214030167,-0.01242832337,6.0403324154,-0.02270892198,6.0467933321,-0.02750488015,6.0476817377,-0.0276116676
84,20280309,1,ok,5.36635e-09,5.580278e-09,3.696962e-09,4.172717e-09,1.2451498843,1.0459123784,0.187333,0.01056822,1.8567226852e-08,6.0042166344,-0.002781664637,6.0,0.0,6.0328769069,-0.01905299029,6.0217379636,-0.0124286916,6.0400133039,-0.02281927184,6.0461801348,-0.02750252182,6.0466308882,-0.02757686802
85,20280310,1,ok,5.370284e-09,5.56002e-09,3.7014e-09,4.161146e-09,1.2435966996,1.0479097937,0.1885901,0.009280902,1.8567490979e-08,6.0041035493,-0.00280176014,6.0,0.0,6.0332799275,-0.01912851597,6.0216654109,-0.01246992085,6.0400930857,-0.02281436991,6.0462555343,-0.02768604645,6.0467277389,-0.02771212902
86,20280311,1,ok,5.35496e-09,5.554313e-09,3.690464e-09,4.159861e-09,1.2477267607,1.0500112372,0.1884999,0.01008221,1.8567839821e-08,6.0040807854,-0.002787838514,6.0,0.0,6.0326357705,-0.0190295522,6.0218360039,-0.01247256578,6.0403802753,-0.02287810519,6.0463500356,-0.02763959024,6.0466818268,-0.02761403713
87,20280312,1,ok,5.375284e-09,5.554627e-09,3.701094e-09,4.159826e-09,1.2419114866,1.045671136,0.1890309,0.004002342,1.856771958e-08,6.0040229244,-0.002782141679,6.0,0.0,6.0332779259,-0.01921528526,6.0215533349,-0.0124634315,6.0402239248,-0.02279279441,6.0461848168,-0.02759595719,6.0465398875,-0.02763155587
88,20280313,1,ok,5.374928e-09,5.559345e-09,3.698622e-09,4.163746e-09,1.2434761113,1.0493227842,0.188455,0.0103147,1.8567646954e-08,6.0041525169,-0.002776811273,6.0,0.0,6.0326297656,-0.01902101559,6.0218795214,-0.01253433254,6.0402321435,-0.02286015708,6.0461618998,-0.02766511538,6.047007322,-0.02756421183
89,20280314,1,ok,5.353391e-09,5.554318e-09,3.688813e-09,4.159158e-09,1.2479407602,1.0444061672,0.1883891,0.004996816,1.8567918661e-08,6.0040573867,-0.002784958014,6.0,0.0,6.0326321108,-0.01904856744,6.0213134433,-0.01235402989,6.0400653417,-0.02271302493,6.0464459048,-0.02754770026,6.046468133,-0.02752446422
90,20280315,1,ok,5.377189e-09,5.570304e-09,3.70069e-09,4.168524e-09,1.243117585,1.0423791421,0.1881007,0.005920293,1.8567435011e-08,6.0041405667,-0.002789060878,6.0,0.0,6.0327267413,-0.01903127085,6.0217198108,-0.01242096963,6.0399472306,-0.02277327354,6.0461811931,-0.02756308525,6.0470237418,-0.02768251343
91,20280316,1,ok,5.372773e-09,5.568564e-09,3.699272e-09,4.16773e-09,1.2434975847,1.0461525393,0.1879307,0.007072444,1.8567631856e-08,6.0040322781,-0.002795135282,6.0,0.0,6.0327503755,-0.01907211808,6.021811003,-0.01256874261,6.0402512248,-0.02272943263,6.0461605092,-0.02758509618,6.0459662064,-0.02750342931
92,20280317,1,ok,5.361709e-09,5.556233e-09,3.692416e-09,4.161639e-09,1.2471680665,1.049589019,0.1875726,0.008183753,1.8567800811e-08,6.0040625407,-0.002759788863,6.0,0.0,6.0328330121,-0.01905378287,6.0219960871,-0.01253139353,6.0400897608,-0.02280453771,6.0462738332,-0.02743825346,6.0465356687,-0.02757042778
93,20280318,1,ok,5.373196e-09,5.554163e-09,3.699554e-09,4.157511e-09,1.2426422406,1.0501054834,0.1895845,0.008260464,1.8568139413e-08,6.0040732325,-0.002791166841,6.0,0.0,6.0331358498,-0.01920862176,6.0213049963,-0.01253551332,6.0402943757,-0.02276200225,6.0459165247,-0.02742724361,6.0457864003,-0.02747215721
94,20280319,1,ok,5.380407e-09,5.546312e-09,3.704508e-09,4.154458e-09,1.2422024176,1.0523041001,0.1883016,0.01049929,1.8567764614e-08,6.0041142051,-0.002796284512,6.0,0.0,6.033254011,-0.01915445545,6.0218048535,-0.01257222796,6.0399835455,-0.02271643503,6.0461752763,-0.02769862308,6.0470017134,-0.02743081479
95,20280320,1,ok,5.390938e-09,5.552299e-09,3.709907e-09,4.158055e-09,1.2393441613,1.0501540892,0.1885456,0.009934517,1.8567439524e-08,6.0040727121,-0.002802424626,6.0,0.0,6.0331406103,-0.01917893169,6.0220128932,-0.01255731122,6.0404256629,-0.02293353975,6.0466413217,-0.02769969079,6.0467655789,-0.02783330335
96,20280321,1,ok,5.374665e-09,5.553691e-09,3.697884e-09,4.161962e-09,1.2438810687,1.0506450911,0.1883297,0.01005239,1.8567691013e-08,6.0041115382,-0.002776753874,6.0,0.0,6.0328737122,-0.01907559889,6.0218946063,-0.01246099414,6.0402702025,-0.02286427323,6.0458755089,-0.02748819139,6.0469201737,-0.0275636329
97,20280322,1,ok,5.381069e-09,5.573059e-09,3.701826e-09,4.170585e-09,1.2420250861,1.046830342,0.1879807,0.01032243,1.8567545246e-08,6.0041781707,-0.00279272732,6.0,0.0,6.0327962688,-0.01917244359,6.0216496659,-0.01256875736,6.040463083,-0.0227887863,6.0456437378,-0.02731672214,6.0463148135,-0.02738901165
98,20280323,1,ok,5.373345e-09,5.552557e-09,3.702132e-09,4.159897e-09,1.2442425528,1.0513247161,0.1876278,0.01033403,1.8567460842e-08,6.0041484891,-0.002765304437,6.0,0.0,6.0332086205,-0.01921206549,6.0219949484,-0.01255920498,6.0404178304,-0.02287473251,6.0458986594,-0.02739629742,6.0466810622,-0.02757161061
99,20280324,1,ok,5.36688e-09,5.5513e-09,3.699675e-09,4.156066e-09,1.2447293312,1.0513793617,0.1877484,0.01043972,1.8567705421e-08,6.0041434429,-0.002789199524,6.0,0.0,6.0331287494,-0.01921754426,6.0217651706,-0.01247443913,6.0403533163,-0.02269952534,6.0460017489,-0.02760244775,6.0468585205,-0.02744098905
100,20280325,1,ok,5.367674e-09,5.57985e-09,3.697745e-09,4.172735e-09,1.246210513,1.0411043819,0.1879431,0.00649666,1.8567480974e-08,6.0041674912,-0.00274941571,6.0,0.0,6.0328106056,-0.01905639969,6.0218252389,-0.01251499382,6.0402092265,-0.02286090148,6.0467166634,-0.02772719188,6.0468935273,-0.02754944615
101,20280326,1,ok,5.370122e-09,5.559351e-09,3.700345e-09,4.162406e-09,1.2440640735,1.0499647774,0.1878309,0.01038981,1.8567248283e-08,6.0041619399,-0.002795823799,6.0,0.0,6.0332564669,-0.01919678918,6.0216603593,-0.01245295849,6.0401560675,-0.02279266915,6.0463425064,-0.02766649776,6.0470461931,-0.02768009757
102,20280327,1,ok,5.345758e-09,5.553494e-09,3.688131e-09,4.159437e-09,1.2499447646,1.0482554612,0.1881896,0.008618898,1.8567771204e-08,6.0040772101,-0.00276954505,6.0,0.0,6.0331803347,-0.0191424809,6.0217500975,-0.01240916872,6.0404342374,-0.02275456241,6.0464054841,-0.02781520934,6.046934009,-0.02767681099
103,20280328,1,ok,5.368176e-09,5.554434e-09,3.701316e-09,4.158772e-09,1.2431339831,1.0509310688,0.1887578,0.01044897,1.8567729073e-08,6.004150635,-0.002783886039,6.0,0.0,6.0335331721,-0.0192196859,6.0219078945,-0.01246608185,6.0404407883,-0.02272037497,6.0464834453,-0.02745166038,6.046726362,-0.0274599408
104,20280329,1,ok,5.35595e-09,5.55465e-09,3.691551e-09,4.158406e-09,1.2481835092,1.0509895173,0.1883344,0.00999777,1.8568139107e-08,6.0041376314,-0.002760484122,6.0,0.0,6.033118664,-0.01915771303,6.0221059112,-0.01260171275,6.0402743104,-0.02287831639,6.0460063659,-0.02749659255,6.0467289577,-0.02733902378
105,20280330,1,ok,5.36883e-09,5.564822e-09,3.696731e-09,4.16651e-09,1.245016486,1.0485654581,0.1882492,0.01007431,1.8567792868e-08,6.0041347356,-0.002761108393,6.0,0.0,6.033267418,-0.01923325153,6.0213487785,-0.01243166789,6.040044342,-0.02257468767,6.0459730911,-0.02736383412,6.0461494047,-0.02746153716
106,20280331,1,ok,5.352909e-09,5.578458e-09,3.68876e-09,4.17463e-09,1.2483457585,1.0460248598,0.1878544,0.01057912,1.8567577837e-08,6.0042041874,-0.002780609934,6.0,0.0,6.0328292096,-0.01909351283,6.0218627142,-0.01254873716,6.0400589675,-0.02273100191,6.0460674025,-0.02747066712,6.0465805677,-0.02739461183
107,20280332,1,ok,5.372851e-09,5.554343e-09,3.694598e-09,4.16315e-09,1.2427411008,1.0503937858,0.1892493,0.01030054,1.8567839421e-08,6.0041401878,-0.002784604049,6.0,0.0,6.0325813575,-0.01910878891,6.0218120947,-0.01254271645,6.0398564839,-0.02280718372,6.046180235,-0.02736098042,6.0465203528,-0.02744819697
108,20280333,1,ok,5.376059e-09,5.552673e-09,3.703448e-09,4.156298e-09,1.2430653549,1.0485786363,0.1881666,0.008833771,1.8567525636e-08,6.004082891,-0.002796744557,6.0,0.0,6.0332527138,-0.01912600407,6.0216199203,-0.01241651485,6.0401095616,-0.02269564332,6.0459931433,-0.02752787745,6.0467580745,-0.02780098815
109,20280334,1,ok,5.372318e-09,5.543236e-09,3.697369e-09,4.156744e-09,1.2426200756,1.0527342188,0.1881904,0.01030603,1.8567672109e-08,6.0040954431,-0.002798532357,6.0,0.0,6.0329123695,-0.01923103493,6.021728137,-0.01254782506,6.040013939,-0.02274281206,6.0459380377,-0.02741931952,6.0471649258,-0.02743925207
110,20280335,1,ok,5.372829e-09,5.565872e-09,3.701757e-09,4.165468e-09,1.2437440734,1.0485992106,0.1887262,0.01047404,1.8567706712e-08,6.0041774227,-0.002797230669,6.0,0.0,6.0331454843,-0.01908520611,6.0221920859,-0.01250387629,6.0406056421,-0.02296446415,6.046264982,-0.02751157604,6.0465135441,-0.02742321429
111,20280336,1,ok,5.370806e-09,5.549376e-09,3.695822e-09,4.158056e-09,1.2444620997,1.0516107844,0.1883841,0.01040596,1.8567849821e-08,6.0041366098,-0.002789169195,6.0,0.0,6.0328183858,-0.01918793379,6.0216325319,-0.01253992365,6.0399942509,-0.02274888863,6.0459906446,-0.02719827692,6.0464828915,-0.02748356628
112,20280337,1,ok,5.381677e-09,5.550721e-09,3.704392e-09,4.158821e-09,1.2419142948,1.0511598671,0.1878413,0.01031842,1.8567896301e-08,6.0041310319,-0.002792630412,6.0,0.0,6.0332481135,-0.01919195759,6.0218868835,-0.01248105311,6.0400404987,-0.02278833677,6.0463233881,-0.02760647839,6.0463193572,-0.02733450168
113,20280338,1,ok,5.378615e-09,5.563583e-09,3.701647e-09,4.167455e-09,1.2419316172,1.0489067491,0.1876545,0.009863534,1.8567405626e-08,6.0041281667,-0.002803508513,6.0,0.0,6.0327848587,-0.019091678,6.0217462985,-0.01249171405,6.0402096486,-0.02273718479,6.046343902,-0.02740038204,6.0470487366,-0.02740092802
114,20280339,1,ok,5.373107e-09,5.548849e-09,3.701945e-09,4.156578e-09,1.2435021528,1.0509979908,0.1878585,0.00809012,1.8567733942e-08,6.0039800524,-0.002784443825,6.0,0.0,6.0331226711,-0.01913683251,6.0217750191,-0.01252444009,6.0404860793,-0.02279306212,6.0462737556,-0.02762805266,6.0468953408,-0.02751525337
115,20280340,1,ok,5.346649e-09,5.542218e-09,3.687282e-09,4.152642e-09,1.2488134434,1.0527849223,0.1891981,0.01036986,1.856819928e-08,6.0040994101,-0.002745013368,6.0,0.0,6.0330711162,-0.01917827441,6.0219087466,-0.01254021874,6.0402416342,-0.02285643447,6.0463434846,-0.02750649393,6.0465280512,-0.02743366263
116,20280341,1,ok,5.375212e-09,5.569808e-09,3.701584e-09,4.170217e-09,1.2433384269,1.0477350313,0.1873949,0.01045072,1.8566953962e-08,6.0041781411,-0.002792719966,6.0,0.0,6.0329266324,-0.01914139818,6.0218227696,-0.01244785311,6.0398882574,-0.02278584489,6.046302914,-0.02782904242,6.0466399624,-0.02777088355
117,20280342,1,ok,5.348814e-09,5.56627e-09,3.68711e-09,4.166013e-09,1.2491610517,1.0472360163,0.1889176,0.009699703,1.85681273e-08,6.0041300621,-0.00274134759,6.0,0.0,6.0329453867,-0.01914939071,6.0221119999,-0.01248684109,6.0401795491,-0.02283796198,6.0456702806,-0.02759653182,6.0457072742,-0.02746225122
118,20280343,1,ok,5.359141e-09,5.543766e-09,3.698194e-09,4.152053e-09,1.244818285,1.0512746487,0.1884915,0.007572635,1.8567666937e-08,6.004059256,-0.002791765479,6.0,0.0,6.0334625842,-0.01914161753,6.0218007571,-0.01248628519,6.0401451799,-0.02278332253,6.0465455887,-0.02775420855,6.0469549334,-0.02753292019
119,20280344,1,ok,5.386788e-09,5.553239e-09,3.704851e-09,4.159651e-09,1.2409354715,1.049949997,0.1880701,0.009896468,1.8567673843e-08,6.0040766718,-0.002787082409,6.0,0.0,6.0323507176,-0.01911349315,6.0218470168,-0.01253276617,6.0399875987,-0.02279130448,6.0464406378,-0.02765716718,6.0469634201,-0.02759791179
120,20280345,1,ok,5.372547e-09,5.568495e-09,3.699954e-09,4.168756e-09,1.2437373542,1.0477381711,0.1876857,0.01031744,1.8567400986e-08,6.0041591403,-0.00279659312,6.0,0.0,6.0330431651,-0.01911600619,6.0218178336,-0.01246604196,6.0402522059,-0.02286637007,6.0460295129,-0.02763078574,6.0467803362,-0.02744064207
121,20280346,1,ok,5.368142e-09,5.556548e-09,3.69951e-09,4.159489e-09,1.2451023414,1.0500301555,0.1878715,0.01032047,1.8567888228e-08,6.0041548499,-0.002770361886,6.0,0.0,6.0331487123,-0.01909817184,6.0218292272,-0.01249244503,6.0398187799,-0.0227419259,6.0459126553,-0.02770687282,6.0467679494,-0.02748109297
122,20280347,1,ok,5.37179e-09,5.55388e-09,3.701802e-09,4.160022e-09,1.2427945287,1.0504289329,0.1886654,0.01034086,1.8567790845e-08,6.0041338419,-0.002768595084,6.0,0.0,6.0333465509,-0.01918234638,6.0219992734,-0.01257331355,6.0404145434,-0.02279849985,6.0463981118,-0.02766442657,6.0468564383,-0.02746210117
123,20280348,1,ok,5.374954e-09,5.560379e-09,3.701728e-09,4.163198e-09,1.2417621264,1.0496984476,0.188816,0.01047985,1.8567480015e-08,6.0041661988,-0.002770905802,6.0,0.0,6.0330501859,-0.01912050621,6.0218723897,-0.01247425561,6.0400298689,-0.02278156042,6.0463566131,-0.02774294556,6.0468123194,-0.02759778932
124,20280349,1,ok,5.362524e-09,5.551532e-09,3.693584e-09,4.159904e-09,1.2461509089,1.0510738881,0.1884313,0.01019394,1.8567875623e-08,6.0041110846,-0.00278544173,6.0,0.0,6.0331116547,-0.019221208,6.0215993085,-0.01244669197,6.0399639019,-0.02279718099,6.0464518821,-0.02765836208,6.0462784642,-0.02746896034
125,20280350,1,ok,5.370975e-09,5.550952e-09,3.700705e-09,4.15507e-09,1.2435502066,1.047788551,0.1887701,0.007694105,1.8568043024e-08,6.0040731085,-0.002764647874,6.0,0.0,6.0333970506,-0.01915840757,6.0218957612,-0.01244584028,6.0403464659,-0.02284091813,6.0461449974,-0.02759798287,6.0468002858,-0.0274401722
126,20280351,1,ok,5.361143e-09,5.56855e-09,3.695855e-09,4.167115e-09,1.2456246649,1.0480744863,0.1884626,0.01063923,1.85674958e-08,6.0041790265,-0.002756947053,6.0,0.0,6.032998305,-0.01911772033,6.0216499904,-0.01258442409,6.040347089,-0.02277814079,6.0464526316,-0.02751956448,6.0465114593,-0.02751706882
127,20280352,1,ok,5.372841e-09,5.56114e-09,3.69842e-09,4.162151e-09,1.2439822868,1.0492591073,0.188542,0.01046834,1.8567978438e-08,6.0041568856,-0.002762781748,6.0,0.0,6.0328071192,-0.0189028387,6.021490236,-0.01256819938,6.0400476234,-0.02275075719,6.0459343601,-0.02744084788,6.0459250445,-0.02729911336
128,20280353,1,ok,5.380166e-09,5.565902e-09,3.702414e-09,4.167239e-09,1.2419655366,1.0475944355,0.187889,0.009978137,1.8567398116e-08,6.0041113615,-0.002797937645,6.0,0.0,6.0328555766,-0.019073962,6.0217663354,-0.01252598082,6.0401405064,-0.02279743907,6.0463008041,-0.02749305752,6.0462798129,-0.0276936991
129,20280354,1,ok,5.365176e-09,5.549678e-09,3.697112e-09,4.157196e-09,1.2450468998,1.0425148217,0.1883321,0.0004236668,1.8567666975e-08,6.0040755914,-0.002744451861,6.0,0.0,6.0329991871,-0.01917805587,6.021717361,-0.01253250305,6.0401585178,-0.02277941522,6.0461336595,-0.02765650756,6.0467907364,-0.02772908227
130,20280355,1,ok,5.356997e-09,5.554601e-09,3.691651e-09,4.160243e-09,1.247427512,1.0497978563,0.1874763,0.008083257,1.8567802603e-08,6.0040490061,-0.002773152705,6.0,0.0,6.0327393295,-0.01904148543,6.0218877063,-0.01252153195,6.040216267,-0.02274398655,6.0469286711,-0.02763242512,6.0466700098,-0.02747907886
131,20280356,1,ok,5.370047e-09,5.561941e-09,3.700349e-09,4.163647e-09,1.242568007,1.0491438802,0.1886327,0.01019239,1.8567560858e-08,6.0041311418,-0.002779204577,6.0,0.0,6.0334878116,-0.01919733997,6.0215963857,-0.01246869175,6.0400802849,-0.0227783065,6.0463274438,-0.02751044949,6.0469462148,-0.02747900787
132,20280357,1,ok,5.365868e-09,5.566095e-09,3.696711e-09,4.165896e-09,1.2438222456,1.0454820148,0.188815,0.008274918,1.8567584605e-08,6.0041197997,-0.002755883059,6.0,0.0,6.0330430499,-0.01910951769,6.0215144808,-0.0125817961,6.0400841248,-0.02273612576,6.0465951587,-0.02760453502,6.0469263272,-0.0276217327
133,20280358,1,ok,5.360459e-09,5.548655e-09,3.692235e-09,4.156847e-09,1.2468587872,1.0519661656,0.1879384,0.01066425,1.8567816602e-08,6.0041215224,-0.00277298528,6.0,0.0,6.032956725,-0.01915662798,6.0220477813,-0.01253980557,6.040256575,-0.02280563821,6.0457557702,-0.02745610918,6.0463529747,-0.02754763667
134,20280359,1,ok,5.338178e-09,5.563194e-09,3.678388e-09,4.164806e-09,1.2525228422,1.040871019,0.1888832,0.002984322,1.8568065577e-08,6.0040766142,-0.002721673714,6.0,0.0,6.0327593806,-0.01902845589,6.021477275,-0.01248999657,6.0401816557,-0.02282918661,6.0461014127,-0.02738464404,6.046548872,-0.027700573
135,20280360,1,ok,5.36598e-09,5.555625e-09,3.694312e-09,4.162918e-09,1.2461513122,1.0498300303,0.1880577,0.01009465,1.8567983728e-08,6.0041439489,-0.002757443618,6.0,0.0,6.0332006181,-0.01917061404,6.0219507986,-0.01249926879,6.0399995875,-0.02277422014,6.0459022758,-0.02781567182,6.0461858898,-0.02753704683
136,20280361,1,ok,5.364915e-09,5.567368e-09,3.697112e-09,4.169308e-09,1.2452959391,1.0480021622,0.1876563,0.01032999,1.856750491e-08,6.0041542603,-0.002796659968,6.0,0.0,6.0331656559,-0.01926700908,6.0218378035,-0.012568079,6.0401771862,-0.02281328249,6.0463149549,-0.02743725647,6.0464508171,-0.02743314721
137,20280362,1,ok,5.368953e-09,5.553302e-09,3.699591e-09,4.157196e-09,1.2427793162,1.050690921,0.1886915,0.01033324,1.8567606691e-08,6.0041383766,-0.00278645133,6.0,0.0,6.0329261149,-0.01907276329,6.0217242558,-0.01251841272,6.0402336267,-0.02277098349,6.0457926514,-0.02744290084,6.0469486169,-0.02750357836
138,20280363,1,ok,5.368148e-09,5.562576e-09,3.695805e-09,4.165192e-09,1.2456759356,1.0490271823,0.1878492,0.01044266,1.8567683452e-08,6.0041699069,-0.002754325432,6.0,0.0,6.0330694797,-0.01917335672,6.0215035594,-0.01251972907,6.040192353,-0.02273234466,6.0466813425,-0.02762495396,6.0465047167,-0.02752623007
139,20280364,1,ok,5.374144e-09,5.563945e-09,3.700466e-09,4.165437e-09,1.2431751917,1.0414539028,0.1881205,0.003634141,1.8567349728e-08,6.0041298956,-0.002774691432,6.0,0.0,6.0327753761,-0.01895337221,6.0217492738,-0.01255003251,6.0399753779,-0.02270607018,6.0456979922,-0.02761043251,6.0464120645,-0.02769758159
140,20280365,1,ok,5.374133e-09,5.577247e-09,3.702548e-09,4.171046e-09,1.2431435319,1.046497134,0.187904,0.01071311,1.8567230513e-08,6.0042031259,-0.002803133661,6.0,0.0,6.0330693471,-0.01903237716,6.0215343454,-0.01246078745,6.0401750636,-0.02275946869,6.0462873365,-0.02759109927,6.0471243552,-0.02749594582
141,20280366,1,ok,5.362864e-09,5.558744e-09,3.694207e-09,4.163622e-09,1.2466935329,1.0494598241,0.1874005,0.01026906,1.856751351e-08,6.0041477992,-0.002769780434,6.0,0.0,6.0330143065,-0.01918822164,6.0216110843,-0.0124978372,6.040232676,-0.02271960764,6.0466193324,-0.02748565083,6.0468441279,-0.02752265214
142,20280367,1,ok,5.361433e-09,5.560861e-09,3.69267e-09,4.164082e-09,1.2473243866,1.0496697543,0.1872978,0.01044758,1.8567688278e-08,6.0041569389,-0.002750205606,6.0,0.0,6.0329382468,-0.01910095397,6.0219393045,-0.01249222059,6.0403291529,-0.02285630408,6.0465586664,-0.02769285509,6.046681586,-0.02761964235
143,20280368,1,ok,5.376164e-09,5.562691e-09,3.702337e-09,4.160911e-09,1.2433455132,1.0491676176,0.1880373,0.009790982,1.8567935925e-08,6.0041058706,-0.00277560789,6.0,0.0,6.0331900297,-0.01915857817,6.0213576116,-0.01242750374,6.0401490108,-0.02267520389,6.0463123343,-0.0273166173,6.0466206242,-0.02747758117
144,20280369,1,ok,5.350992e-09,5.547344e-09,3.689616e-09,4.154638e-09,1.249680663,1.0523692938,0.1882186,0.01039513,1.8568119983e-08,6.0041169496,-0.002743215522,6.0,0.0,6.0329447377,-0.01906581091,6.0218361919,-0.01254885546,6.0399409884,-0.02275147309,6.0462710492,-0.02750510715,6.0466164909,-0.02735877312
145,20280370,1,ok,5.384769e-09,5.552296e-09,3.705742e-09,4.158705e-09,1.242183215,1.051087247,0.1880182,0.01043892,1.8567551106e-08,6.0041456728,-0.002764455302,6.0,0.0,6.033220884,-0.01921806511,6.0218097972,-0.01245306325,6.0400574945,-0.02271752895,6.0457998706,-0.02750131241,6.0470291584,-0.02748384161
146,20280371,1,ok,5.378071e-09,5.542933e-09,3.703522e-09,4.153257e-09,1.2429529671,1.0531262699,0.1878516,0.01065188,1.8567973635e-08,6.0041045414,-0.002773400049,6.0,0.0,6.0333188231,-0.01918773767,6.0218564537,-0.0125466879,6.040302759,-0.02279802843,6.0463024176,-0.02768162723,6.0469850517,-0.02742002902
147,20280372,1,ok,5.373943e-09,5.566269e-09,3.701563e-09,4.168039e-09,1.2426455399,1.0482366601,0.1879875,0.009260915,1.8567645687e-08,6.0041274287,-0.002814005254,6.0,0.0,6.0330007862,-0.01911590472,6.0217466828,-0.01245354648,6.0403437945,-0.02270620024,6.0467281111,-0.02773326078,6.0459828694,-0.02725798546
148,20280373,1,ok,5.357155e-09,5.572715e-09,3.686573e-09,4.17647e-09,1.2482226603,1.0464378878,0.1878514,0.01004144,1.8567718531e-08,6.0041894286,-0.002757110351,6.0,0.0,6.0324548459,-0.01912353829,6.0220750531,-0.01266527326,6.0402843139,-0.02283324108,6.0461220903,-0.02749190356,6.0465673601,-0.02754167474
149,20280374,1,ok,5.358743e-09,5.557449e-09,3.692818e-09,4.162161e-09,1.2466194721,1.0496490051,0.1888023,0.01016581,1.8568001524e-08,6.0041333092,-0.002742005298,6.0,0.0,6.0332150777,-0.0192212946,6.0218011694,-0.01257117951,6.0404806471,-0.02277416169,6.046288784,-0.0276082668,6.0461555272,-0.02738427482
150,20280375,1,ok,5.380346e-09,5.556818e-09,3.707245e-09,4.159987e-09,1.2399065959,1.04732022,0.1884025,0.008357179,1.8567511557e-08,6.0040919015,-0.002808279413,6.0,0.0,6.0333439468,-0.0191751373,6.0219131365,-0.01248232587,6.0403133038,-0.02283714295,6.0462437969,-0.02752945856,6.0470595282,-0.02740827819
151,20280376,1,ok,5.371414e-09,5.55358e-09,3.701867e-09,4.156997e-09,1.2424229128,1.0508323157,0.1885918,0.01061111,1.8567521916e-08,6.0041369053,-0.00279033387,6.0,0.0,6.0332134185,-0.01912517504,6.0217569032,-0.01250132574,6.040248667,-0.02277056392,6.045861225,-0.02763624159,6.046946535,-0.02753800549
152,20280377,1,ok,5.355648e-09,5.54437e-09,3.692321e-09,4.153535e-09,1.2463728036,1.0527238986,0.1888833,0.0105655,1.8567867083e-08,6.0041064409,-0.002753646143,6.0,0.0,6.033031549,-0.0190883889,6.0217165891,-0.01254799867,6.0404441903,-0.02274066749,6.0466366508,-0.02751998041,6.0468985771,-0.02751337698
153,20280378,1,ok,5.353588e-09,5.556699e-09,3.691965e-09,4.163038e-09,1.2461562591,1.0491185226,0.1893714,0.007797665,1.8567845734e-08,6.0039907973,-0.002802430233,6.0,0.0,6.0331546918,-0.01919618065,6.0220169726,-0.01257143937,6.0402546271,-0.02290685106,6.0466249578,-0.0276445285,6.0462768804,-0.02737836408
154,20280379,1,ok,5.3467e-09,5.562801e-09,3.687557e-09,4.164127e-09,1.2508308665,1.0490803027,0.1882832,0.01018432,1.8568056839e-08,6.0041100225,-0.002738346133,6.0,0.0,6.0329677864,-0.01911112446,6.0216944666,-0.01252917211,6.040581307,-0.02291252979,6.0462445999,-0.02765869775,6.0462375581,-0.02747875539
155,20280380,1,ok,5.360948e-09,5.548396e-09,3.697896e-09,4.153585e-09,1.2454606966,1.0515763205,0.1885225,0.0103286,1.8567992316e-08,6.0041366879,-0.002764680034,6.0,0.0,6.0333590015,-0.01908585634,6.0217674952,-0.01250750482,6.0402439824,-0.02277854373,6.0462812342,-0.02760086153,6.0469244719,-0.02738245286
156,20280381,1,ok,5.374279e-09,5.552239e-09,3.702168e-09,4.156617e-09,1.2415690772,1.0509782574,0.1887752,0.01045287,1.8567672631e-08,6.0041348098,-0.002795489612,6.0,0.0,6.032999212,-0.01914568336,6.0217655095,-0.01247321323,6.0398999024,-0.02278807899,6.0460462795,-0.02742200296,6.046761373,-0.02746752353
157,20280382,1,ok,5.36547e-09,5.563466e-09,3.696053e-09,4.165314e-09,1.2455371845,1.0497670365,0.1879665,0.009986739,1.8567354725e-08,6.0040841313,-0.002772602088,6.0,0.0,6.0329437962,-0.01912056238,6.0216508493,-0.01248729929,6.0402520659,-0.02273577116,6.046541623,-0.02761816448,6.0465679856,-0.02767637335
158,20280383,1,ok,5.363987e-09,5.562216e-09,3.694686e-09,4.166354e-09,1.2455212194,1.0490555521,0.1878854,0.01044059,1.8567709228e-08,6.0041700908,-0.002793687491,6.0,0.0,6.0328345994,-0.01907073689,6.0217376829,-0.01257554057,6.0399988143,-0.02285488186,6.0460581609,-0.0274273321,6.0464092221,-0.02733060236
159,20280384,1,ok,5.365864e-09,5.562903e-09,3.696604e-09,4.164959e-09,1.2453019169,1.039946505,0.1869036,0.001894138,1.8567632325e-08,6.0041167257,-0.002779828111,6.0,0.0,6.0327251457,-0.01898569648,6.0221631043,-0.01256159763,6.0402617801,-0.02289798007,6.0461887476,-0.02742064072,6.046916363,-0.02735491853
160,20280385,1,ok,5.363431e-09,5.564704e-09,3.697382e-09,4.163909e-09,1.2461339381,1.0488598422,0.1883499,0.01052026,1.8567869321e-08,6.0041692104,-0.002776739162,6.0,0.0,6.0333296106,-0.01918001688,6.0214832971,-0.01245137889,6.040433042,-0.02278127544,6.0461324004,-0.02730437729,6.0464869113,-0.02749749906
161,20280386,1,ok,5.391564e-09,5.565632e-09,3.710186e-09,4.166697e-09,1.2375706763,1.0390646175,0.1885726,0.001544907,1.8567238249e-08,6.0041278404,-0.002796954982,6.0,0.0,6.0330323548,-0.01914298552,6.0220893508,-0.01253928678,6.040133049,-0.02283927182,6.0463686439,-0.02772530937,6.0470994209,-0.02760386659
162,20280387,1,ok,5.36393e-09,5.555723e-09,3.693337e-09,4.163957e-09,1.2445356634,1.0502247767,0.1889478,0.0102311,1.8567791636e-08,6.0041240011,-0.002784135235,6.0,0.0,6.0328225702,-0.01918116411,6.0219143734,-0.01256847331,6.0403314883,-0.02279993959,6.0461773384,-0.02746095991,6.0463236702,-0.0274794718
163,20280388,1,ok,5.374799e-09,5.568941e-09,3.702551e-09,4.16419e-09,1.2437578362,1.0476556289,0.1886397,0.01043544,1.8567687992e-08,6.0041772527,-0.002790057246,6.0,0.0,6.0332940373,-0.01913456317,6.0214925054,-0.01248936353,6.0404735333,-0.02278003755,6.0463098129,-0.02723343566,6.0465756661,-0.02748540428
164,20280389,1,ok,5.364257e-09,5.561272e-09,3.696755e-09,4.16083e-09,1.2447096525,1.0468179711,0.1887631,0.008757434,1.8567692247e-08,6.0041096175,-0.002761260887,6.0,0.0,6.0332027842,-0.01908019015,6.0216943674,-0.01246582286,6.0403311249,-0.02274546695,6.0459680544,-0.02760581548,6.0468527017,-0.02773732164
165,20280390,1,ok,5.361795e-09,5.568726e-09,3.696144e-09,4.167278e-09,1.2459578841,1.0455428461,0.187706,0.006516979,1.8567329795e-08,6.0040355724,-0.002775801607,6.0,0.0,6.0329961595,-0.01917338854,6.0215485373,-0.01243247612,6.0399167851,-0.02280322739,6.046164852,-0.02759791385,6.0466638229,-0.02759224178
166,20280391,1,ok,5.382464e-09,5.569905e-09,3.702476e-09,4.168667e-09,1.2421293395,1.0454664127,0.1875551,0.006621482,1.8567725944e-08,6.0040373768,-0.002779363335,6.0,0.0,6.0328750051,-0.01915518633,6.0219485073,-0.01254216761,6.0401040498,-0.02277241951,6.0466247873,-0.02753181821,6.0467586556,-0.02732410753
167,20280392,1,ok,5.367578e-09,5.553921e-09,3.69732e-09,4.157098e-09,1.2461000468,1.0507802917,0.1884713,0.009920012,1.8568079661e-08,6.004078826,-0.002747888517,6.0,0.0,6.0327899113,-0.01904328062,6.0216036838,-0.01243498434,6.0403714861,-0.02284896325,6.0463799105,-0.02759441201,6.0461265376,-0.02746821261
168,20280393,1,ok,5.370454e-09,5.565123e-09,3.701138e-09,4.161819e-09,1.242548629,1.0489675413,0.1889059,0.009647083,1.8567704498e-08,6.004166156,-0.002792277695,6.0,0.0,6.0332028561,-0.01910985761,6.0217574313,-0.01241575604,6.0403554687,-0.02284943668,6.0465172524,-0.02773861951,6.0466074608,-0.02731194383
169,20280394,1,ok,5.381334e-09,5.561492e-09,3.701049e-09,4.166919e-09,1.2419398906,1.0490766847,0.1877356,0.01026298,1.8567454825e-08,6.0041357525,-0.002786117976,6.0,0.0,6.0326150155,-0.01911013819,6.0218936309,-0.0125065406,6.0403108112,-0.02293871282,6.046193243,-0.02749740916,6.0472960861,-0.027441724
170,20280395,1,ok,5.375838e-09,5.559548e-09,3.702617e-09,4.161034e-09,1.2435210587,1.0498103823,0.1877193,0.01046923,1.8567736234e-08,6.0041588103,-0.002772176444,6.0,0.0,6.0331329198,-0.01914064561,6.0218486128,-0.01252499374,6.0401999273,-0.02280716778,6.0459172876,-0.02755841565,6.0471275289,-0.02744691357
171,20280396,1,ok,5.372218e-09,5.564342e-09,3.697885e-09,4.163971e-09,1.2438358407,1.0489905528,0.1880668,0.01054949,1.8567578959e-08,6.004168504,-0.002793002393,6.0,0.0,6.0327000582,-0.01903987803,6.0215253211,-0.01240472811,6.0398985928,-0.0227811132,6.0461681403,-0.02747615221,6.0469727969,-0.02741623362
172,20280397,1,ok,5.374376e-09,5.551108e-09,3.698677e-09,4.157676e-09,1.2436826572,1.0514804058,0.1875819,0.01059335,1.8567608565e-08,6.0041323243,-0.002780366795,6.0,0.0,6.0327989398,-0.0191053026,6.0216240913,-0.01241269282,6.040049022,-0.02269811457,6.0462256405,-0.02734992855,6.0475535122,-0.02747276052
173,20280398,1,ok,5.376843e-09,5.538256e-09,3.703066e-09,4.150783e-09,1.2428748331,1.0537793935,0.187805,0.01051671,1.8567633221e-08,6.0040905415,-0.002783184949,6.0,0.0,6.0330722435,-0.01911303097,6.0218738143,-0.01254077676,6.0402443837,-0.02276242892,6.046456096,-0.0276387896,6.0471721953,-0.02764451873
174,20280399,1,ok,5.384941e-09,5.551933e-09,3.703142e-09,4.159794e-09,1.2393861509,1.0513471849,0.188459,0.0104175,1.8567335732e-08,6.0041425897,-0.002810336832,6.0,0.0,6.0324906994,-0.01907443205,6.0216008777,-0.0125294032,6.0401328052,-0.02286561546,6.0461819646,-0.0272620773,6.0466817285,-0.02767629641
175,20280400,1,ok,5.374803e-09,5.54481e-09,3.702444e-09,4.153153e-09,1.2428525952,1.0524395485,0.1882255,0.009483722,1.856787448e-08,6.0040433591,-0.002796048482,6.0,0.0,6.0329949927,-0.01907024453,6.0217416892,-0.01250289233,6.0405533985,-0.02285374695,6.0463367913,-0.02754251833,6.0465002683,-0.02749601507
176,20280401,1,ok,5.366079e-09,5.559954e-09,3.697956e-09,4.165605e-09,1.2459627742,1.046366831,0.1881976,0.00794867,1.8567384373e-08,6.0041194315,-0.002762441925,6.0,0.0,6.0330593999,-0.01913161374,6.021911165,-0.01257651715,6.0407699666,-0.02287203471,6.0465408473,-0.02782211557,6.0466281887,-0.02758260504
177,20280402,1,ok,5.361638e-09,5.562876e-09,3.693453e-09,4.164182e-09,1.247683296,1.048934435,0.188221,0.01042138,1.8567766792e-08,6.0041632924,-0.002740937366,6.0,0.0,6.0330182476,-0.01909188507,6.0217951513,-0.01256166204,6.0403276428,-0.02276723661,6.0462694295,-0.02740317318,6.0465402801,-0.02747680437
178,20280403,1,ok,5.362022e-09,5.560896e-09,3.692711e-09,4.16409e-09,1.2468390448,1.0469160744,0.1881561,0.008513661,1.8567759196e-08,6.0040983326,-0.002765186354,6.0,0.0,6.0328071034,-0.01913887843,6.0217259276,-0.01253017793,6.040520055,-0.02282410046,6.046233889,-0.02760544188,6.0461445897,-0.0278203332
179,20280404,1,ok,5.385848e-09,5.542717e-09,3.708962e-09,4.151658e-09,1.2388968519,1.0519798636,0.1884103,0.008011498,1.8567462009e-08,6.0040920022,-0.00279868781,6.0,0.0,6.0334138638,-0.01922936238,6.0216697345,-0.0124532119,6.0401838108,-0.02279842955,6.0464806694,-0.02759379146,6.047076609,-0.02763601845
180,20280405,1,ok,5.363099e-09,5.564601e-09,3.694521e-09,4.166697e-09,1.2459450715,1.04890964,0.187801,0.01070301,1.8567683937e-08,6.0041652707,-0.002786764379,6.0,0.0,6.0331595642,-0.0191922897,6.0217481815,-0.01254404952,6.0398855553,-0.02276938017,6.0462429967,-0.02755443878,6.0465317831,-0.02738038877
181,20280406,1,ok,5.365167e-09,5.560528e-09,3.694839e-09,4.166609e-09,1.2452181234,1.0494002157,0.1884213,0.009712377,1.8567511312e-08,6.0041203418,-0.002797952013,6.0,0.0,6.0328267317,-0.0191176019,6.0219346176,-0.01253104867,6.0402581714,-0.02285496442,6.0464253487,-0.02745800696,6.0464050799,-0.02760187547
182,20280407,1,ok,5.381822e-09,5.553786e-09,3.705312e-09,4.159836e-09,1.2416157129,1.0511419934,0.1880431,0.009793425,1.8567847756e-08,6.0041342259,-0.002789676166,6.0,0.0,6.0332538531,-0.0192164756,6.0219467993,-0.01255512305,6.0403432919,-0.02281982468,6.0462109129,-0.02780584035,6.0466005853,-0.0273411389
183,20280408,1,ok,5.355895e-09,5.563019e-09,3.693729e-09,4.164149e-09,1.2476528909,1.0486249543,0.188009,0.00847449,1.8567783413e-08,6.0041042484,-0.002777566096,6.0,0.0,6.0330805923,-0.01914554016,6.0219088539,-0.01260618083,6.0404500623,-0.02278952181,6.0466342004,-0.02756424955,6.0470095665,-0.02742392529
184,20280409,1,ok,5.35788e-09,5.56653e-09,3.692067e-09,4.16897e-09,1.2479279398,1.0482220534,0.1881991,0.01049316,1.8567986909e-08,6.0041711364,-0.002761516937,6.0,0.0,6.0336568192,-0.0193097212,6.0221282038,-0.01255698135,6.0400415507,-0.02288117161,6.0459498099,-0.02766688099,6.0468348128,-0.02731792695
185,20280410,1,ok,5.373897e-09,5.540122e-09,3.703081e-09,4.152633e-09,1.2435249766,1.0536702363,0.1875587,0.009701427,1.8567604463e-08,6.004101681,-0.002785474204,6.0,0.0,6.0333580743,-0.01919601768,6.0221157705,-0.0126461796,6.0401919945,-0.02274970878,6.0457079751,-0.02755064976,6.0474285481,-0.02757546447
186,20280411,1,ok,5.357749e-09,5.545044e-09,3.691332e-09,4.153113e-09,1.2485376635,1.0515384419,0.1883299,0.008006288,1.8568068116e-08,6.0039687503,-0.002733908838,6.0,0.0,6.0327709461,-0.01903304998,6.0214118682,-0.01247381362,6.0403365148,-0.02279548682,6.0468588956,-0.02781215061,6.0465395044,-0.02755351108
187,20280412,1,ok,5.375364e-09,5.567009e-09,3.703046e-09,4.163332e-09,1.2428761713,1.0417184399,0.187816,0.004603668,1.8567600724e-08,6.0041369153,-0.002803434991,6.0,0.0,6.0326970748,-0.01897390381,6.0216959261,-0.01244838787,6.0402861776,-0.02268112805,6.0460984744,-0.02765927493,6.0462974748,-0.02750217067
188,20280413,1,ok,5.353978e-09,5.545108e-09,3.690494e-09,4.155605e-09,1.2492379215,1.0519864165,0.1880649,0.01015907,1.8568118841e-08,6.0041194306,-0.002737225679,6.0,0.0,6.0332077852,-0.01922505113,6.0218024018,-0.01255979661,6.0402919102,-0.02289201219,6.046288971,-0.0276623331,6.0468305632,-0.02731160559
189,20280414,1,ok,5.382008e-09,5.561964e-09,3.705454e-09,4.162717e-09,1.241260449,1.0484333977,0.1888048,0.009985699,1.8567472994e-08,6.0041036977,-0.00280251329,6.0,0.0,6.0332296733,-0.01913593019,6.0220767793,-0.01245504737,6.0402302555,-0.02277596261,6.0462911886,-0.02765153192,6.0465534058,-0.02776149575
190,20280415,1,ok,5.361454e-09,5.554634e-09,3.694605e-09,4.159075e-09,1.246450162,1.0412978229,0.1880741,0.001669134,1.856768206e-08,6.0040882597,-0.002762760031,6.0,0.0,6.0328774424,-0.01904127731,6.0217544327,-0.01246319198,6.0400663248,-0.02279873244,6.0464852006,-0.02779189921,6.0464366894,-0.02762896861
191,20280416,1,ok,5.386669e-09,5.562672e-09,3.708729e-09,4.16448e-09,1.2399739905,1.0496358045,0.187923,0.0105491,1.8567183047e-08,6.0041642085,-0.002813433152,6.0,0.0,6.0331592627,-0.01912579762,6.021796,-0.01257014328,6.0406438749,-0.02284238151,6.0460524363,-0.02759954481,6.0465975662,-0.02763161502
192,20280417,1,ok,5.380632e-09,5.565017e-09,3.706392e-09,4.165549e-09,1.2415329369,1.0470881505,0.187994,0.007486171,1.8567366199e-08,6.0041263789,-0.00281492349,6.0,0.0,6.033088516,-0.01912988383,6.0219231134,-0.01251519184,6.039894654,-0.02282574371,6.0467456955,-0.02779036693,6.0469640195,-0.02752118709
193,20280418,1,ok,5.37683e-09,5.556363e-09,3.70155e-09,4.161647e-09,1.2426744686,1.0495108151,0.1875108,0.008061103,1.8567609675e-08,6.003993753,-0.002789556757,6.0,0.0,6.0329355463,-0.01915195444,6.0218121136,-0.01253049482,6.0400306773,-0.02281886971,6.0462681843,-0.02790948382,6.0464670693,-0.02746238871
194,20280419,1,ok,5.379608e-09,5.564572e-09,3.705134e-09,4.164672e-09,1.2422057646,1.0491958976,0.1881734,0.01066061,1.8567529849e-08,6.0041658785,-0.002798508552,6.0,0.0,6.0331569065,-0.01917748134,6.0215947963,-0.01257935736,6.0405132334,-0.02288162295,6.0461862442,-0.02760277133,6.0468231729,-0.02747672532
195,20280420,1,ok,5.374537e-09,5.586474e-09,3.6996e-09,4.178662e-09,1.2443710175,1.0441022244,0.187257,0.01025748,1.8567144287e-08,6.0042144976,-0.002769130654,6.0,0.0,6.0326669942,-0.01908265824,6.0217370237,-0.01254668541,6.0404093057,-0.02272141792,6.0465851992,-0.02753680804,6.0466723565,-0.02765849739
196,20280421,1,ok,5.360368e-09,5.574818e-09,3.696495e-09,4.169677e-09,1.2463983166,1.0470276263,0.187979,0.01075936,1.8567676677e-08,6.0041943026,-0.00278628315,6.0,0.0,6.0332120958,-0.01909538068,6.0218290937,-0.0124917249,6.0404913479,-0.02283825965,6.0460232729,-0.02747082331,6.0466674285,-0.02732659778
197,20280422,1,ok,5.348828e-09,5.540039e-09,3.691291e-09,4.152546e-09,1.2488755608,1.0475921234,0.1877677,0.003148536,1.8567546845e-08,6.0040022317,-0.00278295737,6.0,0.0,6.0330832579,-0.01918100179,6.02207963,-0.01262769766,6.0402319601,-0.02280496706,6.0461412377,-0.02750949923,6.0474310052,-0.0277504743
198,20280423,1,ok,5.368483e-09,5.561644e-09,3.696061e-09,4.166537e-09,1.2441397934,1.0492973109,0.1883422,0.01011375,1.8567531194e-08,6.0041313329,-0.002810256391,6.0,0.0,6.0327273398,-0.01915716266,6.0219193181,-0.01252062197,6.0402893955,-0.02270319301,6.0463660458,-0.0274786444,6.0464996727,-0.02747865193
199,20280424,1,ok,5.367652e-09,5.539534e-09,3.697078e-09,4.150998e-09,1.2448090409,1.0535639362,0.1882219,0.01055546,1.8568054703e-08,6.0040954572,-0.002767913934,6.0,0.0,6.0330557128,-0.01916194821,6.0218207647,-0.01249498262,6.0404406597,-0.02278314095,6.0458024487,-0.02748306737,6.0462753835,-0.02730160186
200,20280425,1,ok,5.368528e-09,5.545127e-09,3.697079e-09,4.154516e-09,1.2445465341,1.0524100729,0.1880413,0.01033929,1.8567711472e-08,6.0041103494,-0.002794853424,6.0,0.0,6.0327420975,-0.01915099945,6.0216806664,-0.01249304271,6.0403051051,-0.02271445095,6.0462531263,-0.02754070031,6.0462928846,-0.02763470783
